4294967294,152
4294967294,909
217,7
217,6
217,5
217,4
217,3
217,2
217,1
217,0
4294967279,311
216,6
216,5
216,4
216,3
216,2
216,1
216,0
214,5
212,5
210,5
215,4
215,3
215,2
215,1
215,0
214,4
214,3
214,2
214,1
214,0
213,4
213,3
213,2
213,1
213,0
212,4
212,3
212,2
212,1
212,0
211,4
211,3
211,2
211,1
211,0
210,4
210,3
210,2
210,1
210,0
4294967279,275
4294967279,259
4294967293,131
4294967293,130
4294967293,129
4294967293,128
4294967293,127
4294967293,126
4294967293,125
4294967293,124
4294967293,123
4294967293,122
4294967293,121
4294967293,120
4294967293,119
4294967293,118
4294967293,117
4294967293,116
4294967293,115
4294967293,114
4294967293,113
4294967293,112
4294967293,111
4294967293,110
4294967293,109
4294967293,108
4294967293,107
4294967293,106
4294967293,105
4294967293,104
4294967293,103
4294967293,102
4294967293,101
4294967293,100
4294967293,99
4294967293,98
4294967293,97
4294967293,96
4294967293,95
4294967293,94
4294967293,93
4294967293,92
4294967293,91
4294967293,90
4294967293,89
4294967293,88
4294967293,87
4294967293,86
4294967293,85
4294967293,84
4294967293,83
4294967293,82
4294967293,81
4294967293,80
4294967293,79
4294967293,78
4294967293,77
4294967293,76
4294967293,75
4294967293,74
4294967293,73
4294967293,72
4294967293,71
4294967293,70
4294967293,69
4294967293,68
4294967293,67
4294967293,66
4294967293,65
4294967293,64
4294967293,63
4294967293,62
4294967293,61
4294967293,60
4294967293,59
4294967293,58
4294967293,57
4294967293,56
4294967293,55
4294967293,54
4294967293,53
4294967293,52
4294967293,51
4294967293,50
4294967293,49
4294967293,48
4294967293,47
4294967293,46
4294967293,45
4294967293,44
4294967293,43
4294967293,42
4294967293,41
4294967293,40
4294967293,39
4294967293,38
4294967293,37
4294967293,36
4294967293,35
4294967293,34
4294967293,33
4294967293,32
4294967293,31
4294967293,30
4294967293,29
4294967293,28
4294967293,27
4294967293,26
4294967293,25
4294967293,24
4294967293,23
4294967293,22
4294967293,21
4294967293,20
4294967293,19
4294967293,18
4294967293,17
4294967293,16
4294967293,15
4294967293,14
4294967293,13
4294967293,12
4294967293,11
4294967293,10
4294967293,9
4294967293,8
4294967293,7
4294967293,6
4294967293,5
4294967293,4
4294967293,3
4294967293,2
4294501266,0
4294501265,0
4294501264,0
4294501263,0
4294501262,0
4294501261,0
4294501260,0
4294501259,0
4294501258,0
4294501257,0
4294967293,0
4294967278,196
4294967278,82
4294967278,195
4294967278,81
4294967278,194
4294967278,80
4294967278,193
4294967278,79
4294967278,192
4294967278,78
4294967278,191
4294967278,77
4294967278,314
4294967278,190
4294967278,76
4294967278,313
4294967278,189
4294967278,75
4294967278,312
4294967278,188
4294967278,74
4294967278,311
4294967278,187
4294967278,73
4294967278,186
4294967278,72
4294967278,310
4294967278,185
4294967278,71
4294967278,309
4294967278,184
4294967278,70
4294967278,308
4294967278,183
4294967278,69
4294967278,182
4294967278,68
4294967278,307
4294967278,181
4294967278,67
4294967278,180
4294967278,66
4294967278,179
4294967278,65
4294967278,178
4294967278,64
4294967278,177
4294967278,63
4294967278,176
4294967278,62
4294967278,302
4294967278,175
4294967278,61
4294967278,305
4294967278,173
4294967278,60
4294967278,304
4294967278,172
4294967278,59
4294967278,297
4294967278,171
4294967278,58
4294967278,170
4294967278,57
4294967278,296
4294967278,169
4294967278,56
4294967278,295
4294967278,168
4294967278,55
4294967278,167
4294967278,54
4294967278,294
4294967278,166
4294967278,53
4294967278,165
4294967278,52
4294967278,164
